0 -1 19 24 -1 -1 -1 -1 -1 -1 -1 -1 -1 -1 -1 -1 -1 -1 -1 -1
16 0 -1 -1 25 -1 -1 -1 -1 -1 -1 -1 -1 -1 -1 -1 -1 -1 -1 -1
9 -1 0 15 -1 22 -1 -1 -1 -1 41 -1 -1 -1 -1 -1 -1 -1 -1 -1
24 5 15 0 17 7 12 -1 -1 -1 -1 -1 -1 -1 -1 -1 -1 -1 -1 -1
-1 25 -1 17 0 -1 8 -1 -1 -1 -1 -1 -1 -1 -1 -1 -1 -1 -1 -1
-1 -1 22 7 -1 0 17 -1 -1 -1 -1 -1 -1 -1 -1 -1 -1 -1 -1 -1
-1 -1 -1 19 8 17 0 3 12 12 -1 -1 -1 -1 -1 -1 -1 -1 -1 -1
-1 -1 -1 -1 -1 -1 6 0 -1 4 -1 -1 -1 -1 -1 -1 -1 -1 -1 -1
-1 -1 -1 -1 -1 -1 12 -1 0 3 -1 -1 -1 -1 -1 -1 -1 -1 -1 -1
-1 -1 -1 -1 -1 -1 12 -1 3 0 16 -1 -1 12 -1 -1 -1 -1 -1 -1
-1 -1 -1 -1 -1 -1 -1 -1 -1 16 0 -1 -1 -1 8 -1 -1 -1 -1 -1
-1 -1 -1 -1 -1 -1 -1 -1 -1 -1 -1 0 -1 -1 4 -1 12 -1 -1 50
-1 -1 -1 -1 -1 -1 -1 -1 -1 -1 -1 -1 0 -1 -1 5 -1 -1 -1 -1
-1 -1 -1 -1 -1 -1 -1 -1 -1 12 -1 -1 -1 0 -1 -1 -1 9 -1 -1
-1 -1 -1 -1 -1 -1 -1 -1 -1 -1 8 4 -1 -1 0 -1 -1 -1 -1 -1
-1 -1 -1 -1 -1 -1 -1 -1 -1 -1 -1 -1 5 -1 -1 0 -1 6 39 -1
-1 -1 -1 -1 -1 -1 -1 -1 -1 -1 -1 12 -1 -1 -1 -1 0 -1 6 -1
-1 -1 -1 -1 -1 -1 -1 -1 -1 -1 -1 -1 -1 9 -1 -1 -1 0 -1 -1
-1 -1 -1 -1 -1 -1 -1 -1 -1 -1 -1 -1 -1 -1 -1 39 6 -1 0 -1
-1 -1 -1 -1 -1 -1 -1 -1 -1 -1 -1 -1 -1 -1 -1 -1 16 -1 -1 0