0 -1 19 24 -1 -1 -1 -1 -1 -1 -1 -1 -1 -1 -1 -1 -1 -1 -1 -1
16 0 -1 -1 25 -1 -1 -1 -1 -1 -1 -1 -1 -1 -1 -1 -1 -1 -1 -1
9 -1 0 15 -1 22 -1 -1 -1 -1 -1 -1 -1 -1 -1 -1 -1 -1 -1 -1
24 5 15 0 14 17 12 -1 -1 -1 -1 -1 -1 -1 -1 -1 -1 -1 -1 -1
-1 25 -1 14 0 -1 8 -1 -1 -1 -1 -1 -1 -1 -1 -1 -1 -1 -1 -1
-1 -1 22 17 -1 0 14 -1 -1 -1 -1 -1 -1 -1 -1 -1 -1 -1 -1 -1
-1 -1 -1 19 8 14 0 3 12 12 -1 -1 -1 -1 -1 -1 -1 -1 -1 -1
-1 -1 -1 -1 -1 -1 6 0 -1 4 -1 -1 -1 -1 -1 -1 -1 -1 -1 -1
-1 -1 -1 -1 -1 -1 12 -1 0 3 -1 -1 -1 -1 -1 -1 -1 -1 -1 -1
-1 -1 -1 -1 -1 -1 12 -1 3 0 16 -1 -1 12 -1 -1 -1 -1 -1 -1
-1 -1 -1 -1 -1 -1 -1 -1 -1 16 0 -1 -1 -1 8 -1 -1 -1 -1 -1
-1 -1 -1 -1 -1 -1 -1 -1 -1 -1 -1 0 1 -1 4 -1 12 -1 -1 50
-1 -1 -1 -1 -1 -1 -1 -1 -1 -1 -1 6 0 -1 -1 5 -1 -1 -1 -1
-1 -1 -1 -1 -1 -1 -1 -1 -1 12 -1 -1 -1 0 -1 -1 -1 9 -1 -1
-1 -1 -1 -1 -1 -1 -1 -1 -1 -1 8 4 -1 -1 0 -1 -1 -1 -1 -1
-1 -1 -1 -1 -1 -1 -1 -1 -1 -1 -1 -1 5 -1 -1 0 -1 -1 39 -1
-1 -1 -1 -1 -1 -1 -1 -1 -1 -1 -1 12 -1 -1 -1 -1 0 -1 6 -1
-1 -1 -1 -1 -1 -1 -1 -1 -1 -1 -1 -1 -1 9 -1 -1 -1 0 -1 12
-1 -1 -1 -1 -1 -1 -1 -1 -1 -1 -1 -1 -1 -1 -1 39 6 -1 0 -1
-1 -1 -1 -1 -1 -1 -1 -1 -1 -1 -1 -1 -1 -1 -1 -1 16 -1 -1 0